0         539359    179343    259839    80497     93371     1329088   476915    1870519   319768    193696    425125    144273    261171    280704    119266    59485     466705    74578     93814     
539359    0         796228    1153611   357383    414538    5900761   2117363   8304556   1419678   859953    1887429   640530    1159524   1246242   529505    264096    2072033   331105    416509    
179343    796228    0         383588    118834    137838    1962064   704045    2761350   472057    285943    627590    212983    385554    414388    176066    87814     688972    110096    138493    
259839    1153611   383588    0         172171    199706    2842726   1020052   4000768   683938    414287    909280    308579    558607    600384    255092    127230    998214    159512    200656    
80497     357383    118834    172171    0         61868     880662    316007    1239418   211881    128344    281690    95596     173054    185996    79026     39415     309242    49416     62162     
93371     414538    137838    199706    61868     0         1021504   366545    1437634   245766    148870    326740    110885    200730    215742    91665     45719     358698    57319     72103     
1329088   5900761   1962064   2842726   880662    1021504   0         5217600   20464066  3498366   2119094   4650998   1578393   2857296   3070986   1304805   650784    5105899   815908    1026360   
476915    2117363   704045    1020052   316007    366545    5217600   0         7343096   1255314   760392    1668912   566373    1025280   1101958   468202    233520    1832143   292771    368288    
1870519   8304556   2761350   4000768   1239418   1437634   20464066  7343096   0         4923497   2982349   6545676   2221383   4021273   4322014   1836344   915893    7185890   1148284   1444469   
319768    1419678   472057    683938    211881    245766    3498366   1255314   4923497   0         509838    1118994   379749    687443    738856    313926    156574    1228440   196301    246934    
193696    859953    285943    414287    128344    148870    2119094   760392    2982349   509838    0         677817    230029    416411    447553    190157    94843     744113    118907    149578    
425125    1887429   627590    909280    281690    326740    4650998   1668912   6545676   1118994   677817    0         504868    913940    982292    417357    208161    1633183   260978    328294    
144273    640530    212983    308579    95596     110885    1578393   566373    2221383   379749    230029    504868    0         310161    333357    141637    70643     554248    88567     111412    
261171    1159524   385554    558607    173054    200730    2857296   1025280   4021273   687443    416411    913940    310161    0         603461    256400    127882    1003330   160329    201684    
280704    1246242   414388    600384    185996    215742    3070986   1101958   4322014   738856    447553    982292    333357    603461    0         275575    137446    1078367   172320    216767    
119266    529505    176066    255092    79026     91665     1304805   468202    1836344   313926    190157    417357    141637    256400    275575    0         58398     458178    73216     92100     
59485     264096    87814     127230    39415     45719     650784    233520    915893    156574    94843     208161    70643     127882    137446    58398     0         228521    36517     45936     
466705    2072033   688972    998214    309242    358698    5105899   1832143   7185890   1228440   744113    1633183   554248    1003330   1078367   458178    228521    0         286503    360403    
74578     331105    110096    159512    49416     57319     815908    292771    1148284   196301    118907    260978    88567     160329    172320    73216     36517     286503    0         57591     
93814     416509    138493    200656    62162     72103     1026360   368288    1444469   246934    149578    328294    111412    201684    216767    92100     45936     360403    57591     0         
